-0.00120077
-0.00120151
-0.00120221
-0.00120289
-0.00120353
-0.00120414
-0.00120472
-0.00120527
-0.00120579
-0.00120627
-0.00120673
-0.00120715
-0.00120754
-0.00120790
-0.00120823
-0.00120853
-0.00120880
-0.00120903
-0.00120924
-0.00120941
-0.00120955
-0.00120966
-0.00120974
-0.00120978
-0.00120980
-0.00120978
-0.00120974
-0.00120966
-0.00120955
-0.00120941
-0.00120924
-0.00120903
-0.00120880
-0.00120853
-0.00120823
-0.00120790
-0.00120754
-0.00120715
-0.00120673
-0.00120627
-0.00120579
-0.00120527
-0.00120472
-0.00120414
-0.00120353
-0.00120289
-0.00120221
-0.00120151
-0.00120077
-0.00120151
-0.00120295
-0.00120433
-0.00120565
-0.00120691
-0.00120811
-0.00120925
-0.00121032
-0.00121134
-0.00121229
-0.00121318
-0.00121401
-0.00121478
-0.00121548
-0.00121613
-0.00121671
-0.00121723
-0.00121769
-0.00121809
-0.00121843
-0.00121871
-0.00121892
-0.00121908
-0.00121917
-0.00121920
-0.00121917
-0.00121908
-0.00121892
-0.00121871
-0.00121843
-0.00121809
-0.00121769
-0.00121723
-0.00121671
-0.00121613
-0.00121548
-0.00121478
-0.00121401
-0.00121318
-0.00121229
-0.00121134
-0.00121032
-0.00120925
-0.00120811
-0.00120691
-0.00120565
-0.00120433
-0.00120295
-0.00120151
-0.00120221
-0.00120433
-0.00120636
-0.00120830
-0.00121015
-0.00121191
-0.00121358
-0.00121516
-0.00121665
-0.00121805
-0.00121936
-0.00122057
-0.00122170
-0.00122274
-0.00122369
-0.00122455
-0.00122531
-0.00122599
-0.00122658
-0.00122707
-0.00122748
-0.00122779
-0.00122802
-0.00122815
-0.00122820
-0.00122815
-0.00122802
-0.00122779
-0.00122748
-0.00122707
-0.00122658
-0.00122599
-0.00122531
-0.00122455
-0.00122369
-0.00122274
-0.00122170
-0.00122057
-0.00121936
-0.00121805
-0.00121665
-0.00121516
-0.00121358
-0.00121191
-0.00121015
-0.00120830
-0.00120636
-0.00120433
-0.00120221
-0.00120289
-0.00120565
-0.00120830
-0.00121083
-0.00121325
-0.00121554
-0.00121772
-0.00121978
-0.00122173
-0.00122355
-0.00122526
-0.00122685
-0.00122832
-0.00122968
-0.00123091
-0.00123203
-0.00123303
-0.00123391
-0.00123468
-0.00123533
-0.00123586
-0.00123627
-0.00123656
-0.00123674
-0.00123680
-0.00123674
-0.00123656
-0.00123627
-0.00123586
-0.00123533
-0.00123468
-0.00123391
-0.00123303
-0.00123203
-0.00123091
-0.00122968
-0.00122832
-0.00122685
-0.00122526
-0.00122355
-0.00122173
-0.00121978
-0.00121772
-0.00121554
-0.00121325
-0.00121083
-0.00120830
-0.00120565
-0.00120289
-0.00120353
-0.00120691
-0.00121015
-0.00121325
-0.00121620
-0.00121901
-0.00122167
-0.00122419
-0.00122657
-0.00122880
-0.00123089
-0.00123283
-0.00123463
-0.00123629
-0.00123780
-0.00123917
-0.00124039
-0.00124147
-0.00124241
-0.00124320
-0.00124385
-0.00124435
-0.00124471
-0.00124493
-0.00124500
-0.00124493
-0.00124471
-0.00124435
-0.00124385
-0.00124320
-0.00124241
-0.00124147
-0.00124039
-0.00123917
-0.00123780
-0.00123629
-0.00123463
-0.00123283
-0.00123089
-0.00122880
-0.00122657
-0.00122419
-0.00122167
-0.00121901
-0.00121620
-0.00121325
-0.00121015
-0.00120691
-0.00120353
-0.00120414
-0.00120811
-0.00121191
-0.00121554
-0.00121901
-0.00122230
-0.00122543
-0.00122839
-0.00123117
-0.00123379
-0.00123624
-0.00123852
-0.00124063
-0.00124258
-0.00124435
-0.00124596
-0.00124739
-0.00124866
-0.00124976
-0.00125069
-0.00125145
-0.00125204
-0.00125246
-0.00125272
-0.00125280
-0.00125272
-0.00125246
-0.00125204
-0.00125145
-0.00125069
-0.00124976
-0.00124866
-0.00124739
-0.00124596
-0.00124435
-0.00124258
-0.00124063
-0.00123852
-0.00123624
-0.00123379
-0.00123117
-0.00122839
-0.00122543
-0.00122230
-0.00121901
-0.00121554
-0.00121191
-0.00120811
-0.00120414
-0.00120472
-0.00120925
-0.00121358
-0.00121772
-0.00122167
-0.00122543
-0.00122899
-0.00123236
-0.00123554
-0.00123853
-0.00124132
-0.00124392
-0.00124633
-0.00124855
-0.00125057
-0.00125240
-0.00125404
-0.00125548
-0.00125673
-0.00125779
-0.00125866
-0.00125933
-0.00125981
-0.00126010
-0.00126020
-0.00126010
-0.00125981
-0.00125933
-0.00125866
-0.00125779
-0.00125673
-0.00125548
-0.00125404
-0.00125240
-0.00125057
-0.00124855
-0.00124633
-0.00124392
-0.00124132
-0.00123853
-0.00123554
-0.00123236
-0.00122899
-0.00122543
-0.00122167
-0.00121772
-0.00121358
-0.00120925
-0.00120472
-0.00120527
-0.00121032
-0.00121516
-0.00121978
-0.00122419
-0.00122839
-0.00123236
-0.00123613
-0.00123967
-0.00124301
-0.00124613
-0.00124903
-0.00125172
-0.00125419
-0.00125645
-0.00125849
-0.00126032
-0.00126193
-0.00126333
-0.00126451
-0.00126548
-0.00126623
-0.00126677
-0.00126709
-0.00126720
-0.00126709
-0.00126677
-0.00126623
-0.00126548
-0.00126451
-0.00126333
-0.00126193
-0.00126032
-0.00125849
-0.00125645
-0.00125419
-0.00125172
-0.00124903
-0.00124613
-0.00124301
-0.00123967
-0.00123613
-0.00123236
-0.00122839
-0.00122419
-0.00121978
-0.00121516
-0.00121032
-0.00120527
-0.00120579
-0.00121134
-0.00121665
-0.00122173
-0.00122657
-0.00123117
-0.00123554
-0.00123967
-0.00124357
-0.00124723
-0.00125066
-0.00125384
-0.00125680
-0.00125951
-0.00126199
-0.00126424
-0.00126624
-0.00126801
-0.00126955
-0.00127085
-0.00127191
-0.00127274
-0.00127333
-0.00127368
-0.00127380
-0.00127368
-0.00127333
-0.00127274
-0.00127191
-0.00127085
-0.00126955
-0.00126801
-0.00126624
-0.00126424
-0.00126199
-0.00125951
-0.00125680
-0.00125384
-0.00125066
-0.00124723
-0.00124357
-0.00123967
-0.00123554
-0.00123117
-0.00122657
-0.00122173
-0.00121665
-0.00121134
-0.00120579
-0.00120627
-0.00121229
-0.00121805
-0.00122355
-0.00122880
-0.00123379
-0.00123853
-0.00124301
-0.00124723
-0.00125120
-0.00125491
-0.00125837
-0.00126157
-0.00126451
-0.00126720
-0.00126963
-0.00127181
-0.00127373
-0.00127539
-0.00127680
-0.00127795
-0.00127885
-0.00127949
-0.00127987
-0.00128000
-0.00127987
-0.00127949
-0.00127885
-0.00127795
-0.00127680
-0.00127539
-0.00127373
-0.00127181
-0.00126963
-0.00126720
-0.00126451
-0.00126157
-0.00125837
-0.00125491
-0.00125120
-0.00124723
-0.00124301
-0.00123853
-0.00123379
-0.00122880
-0.00122355
-0.00121805
-0.00121229
-0.00120627
-0.00120673
-0.00121318
-0.00121936
-0.00122526
-0.00123089
-0.00123624
-0.00124132
-0.00124613
-0.00125066
-0.00125491
-0.00125889
-0.00126260
-0.00126603
-0.00126919
-0.00127207
-0.00127468
-0.00127701
-0.00127907
-0.00128086
-0.00128237
-0.00128360
-0.00128456
-0.00128525
-0.00128566
-0.00128580
-0.00128566
-0.00128525
-0.00128456
-0.00128360
-0.00128237
-0.00128086
-0.00127907
-0.00127701
-0.00127468
-0.00127207
-0.00126919
-0.00126603
-0.00126260
-0.00125889
-0.00125491
-0.00125066
-0.00124613
-0.00124132
-0.00123624
-0.00123089
-0.00122526
-0.00121936
-0.00121318
-0.00120673
-0.00120715
-0.00121401
-0.00122057
-0.00122685
-0.00123283
-0.00123852
-0.00124392
-0.00124903
-0.00125384
-0.00125837
-0.00126260
-0.00126654
-0.00127019
-0.00127354
-0.00127661
-0.00127938
-0.00128186
-0.00128405
-0.00128595
-0.00128755
-0.00128887
-0.00128989
-0.00129062
-0.00129105
-0.00129120
-0.00129105
-0.00129062
-0.00128989
-0.00128887
-0.00128755
-0.00128595
-0.00128405
-0.00128186
-0.00127938
-0.00127661
-0.00127354
-0.00127019
-0.00126654
-0.00126260
-0.00125837
-0.00125384
-0.00124903
-0.00124392
-0.00123852
-0.00123283
-0.00122685
-0.00122057
-0.00121401
-0.00120715
-0.00120754
-0.00121478
-0.00122170
-0.00122832
-0.00123463
-0.00124063
-0.00124633
-0.00125172
-0.00125680
-0.00126157
-0.00126603
-0.00127019
-0.00127404
-0.00127758
-0.00128081
-0.00128373
-0.00128635
-0.00128866
-0.00129066
-0.00129235
-0.00129374
-0.00129481
-0.00129558
-0.00129605
-0.00129620
-0.00129605
-0.00129558
-0.00129481
-0.00129374
-0.00129235
-0.00129066
-0.00128866
-0.00128635
-0.00128373
-0.00128081
-0.00127758
-0.00127404
-0.00127019
-0.00126603
-0.00126157
-0.00125680
-0.00125172
-0.00124633
-0.00124063
-0.00123463
-0.00122832
-0.00122170
-0.00121478
-0.00120754
-0.00120790
-0.00121548
-0.00122274
-0.00122968
-0.00123629
-0.00124258
-0.00124855
-0.00125419
-0.00125951
-0.00126451
-0.00126919
-0.00127354
-0.00127758
-0.00128129
-0.00128467
-0.00128774
-0.00129048
-0.00129290
-0.00129499
-0.00129677
-0.00129822
-0.00129935
-0.00130015
-0.00130064
-0.00130080
-0.00130064
-0.00130015
-0.00129935
-0.00129822
-0.00129677
-0.00129499
-0.00129290
-0.00129048
-0.00128774
-0.00128467
-0.00128129
-0.00127758
-0.00127354
-0.00126919
-0.00126451
-0.00125951
-0.00125419
-0.00124855
-0.00124258
-0.00123629
-0.00122968
-0.00122274
-0.00121548
-0.00120790
-0.00120823
-0.00121613
-0.00122369
-0.00123091
-0.00123780
-0.00124435
-0.00125057
-0.00125645
-0.00126199
-0.00126720
-0.00127207
-0.00127661
-0.00128081
-0.00128467
-0.00128820
-0.00129139
-0.00129425
-0.00129677
-0.00129895
-0.00130080
-0.00130231
-0.00130349
-0.00130433
-0.00130483
-0.00130500
-0.00130483
-0.00130433
-0.00130349
-0.00130231
-0.00130080
-0.00129895
-0.00129677
-0.00129425
-0.00129139
-0.00128820
-0.00128467
-0.00128081
-0.00127661
-0.00127207
-0.00126720
-0.00126199
-0.00125645
-0.00125057
-0.00124435
-0.00123780
-0.00123091
-0.00122369
-0.00121613
-0.00120823
-0.00120853
-0.00121671
-0.00122455
-0.00123203
-0.00123917
-0.00124596
-0.00125240
-0.00125849
-0.00126424
-0.00126963
-0.00127468
-0.00127938
-0.00128373
-0.00128774
-0.00129139
-0.00129470
-0.00129766
-0.00130027
-0.00130253
-0.00130445
-0.00130601
-0.00130723
-0.00130810
-0.00130863
-0.00130880
-0.00130863
-0.00130810
-0.00130723
-0.00130601
-0.00130445
-0.00130253
-0.00130027
-0.00129766
-0.00129470
-0.00129139
-0.00128774
-0.00128373
-0.00127938
-0.00127468
-0.00126963
-0.00126424
-0.00125849
-0.00125240
-0.00124596
-0.00123917
-0.00123203
-0.00122455
-0.00121671
-0.00120853
-0.00120880
-0.00121723
-0.00122531
-0.00123303
-0.00124039
-0.00124739
-0.00125404
-0.00126032
-0.00126624
-0.00127181
-0.00127701
-0.00128186
-0.00128635
-0.00129048
-0.00129425
-0.00129766
-0.00130071
-0.00130340
-0.00130574
-0.00130771
-0.00130933
-0.00131058
-0.00131148
-0.00131202
-0.00131220
-0.00131202
-0.00131148
-0.00131058
-0.00130933
-0.00130771
-0.00130574
-0.00130340
-0.00130071
-0.00129766
-0.00129425
-0.00129048
-0.00128635
-0.00128186
-0.00127701
-0.00127181
-0.00126624
-0.00126032
-0.00125404
-0.00124739
-0.00124039
-0.00123303
-0.00122531
-0.00121723
-0.00120880
-0.00120903
-0.00121769
-0.00122599
-0.00123391
-0.00124147
-0.00124866
-0.00125548
-0.00126193
-0.00126801
-0.00127373
-0.00127907
-0.00128405
-0.00128866
-0.00129290
-0.00129677
-0.00130027
-0.00130340
-0.00130617
-0.00130856
-0.00131059
-0.00131225
-0.00131354
-0.00131446
-0.00131502
-0.00131520
-0.00131502
-0.00131446
-0.00131354
-0.00131225
-0.00131059
-0.00130856
-0.00130617
-0.00130340
-0.00130027
-0.00129677
-0.00129290
-0.00128866
-0.00128405
-0.00127907
-0.00127373
-0.00126801
-0.00126193
-0.00125548
-0.00124866
-0.00124147
-0.00123391
-0.00122599
-0.00121769
-0.00120903
-0.00120924
-0.00121809
-0.00122658
-0.00123468
-0.00124241
-0.00124976
-0.00125673
-0.00126333
-0.00126955
-0.00127539
-0.00128086
-0.00128595
-0.00129066
-0.00129499
-0.00129895
-0.00130253
-0.00130574
-0.00130856
-0.00131101
-0.00131309
-0.00131478
-0.00131610
-0.00131705
-0.00131761
-0.00131780
-0.00131761
-0.00131705
-0.00131610
-0.00131478
-0.00131309
-0.00131101
-0.00130856
-0.00130574
-0.00130253
-0.00129895
-0.00129499
-0.00129066
-0.00128595
-0.00128086
-0.00127539
-0.00126955
-0.00126333
-0.00125673
-0.00124976
-0.00124241
-0.00123468
-0.00122658
-0.00121809
-0.00120924
-0.00120941
-0.00121843
-0.00122707
-0.00123533
-0.00124320
-0.00125069
-0.00125779
-0.00126451
-0.00127085
-0.00127680
-0.00128237
-0.00128755
-0.00129235
-0.00129677
-0.00130080
-0.00130445
-0.00130771
-0.00131059
-0.00131309
-0.00131520
-0.00131693
-0.00131827
-0.00131923
-0.00131981
-0.00132000
-0.00131981
-0.00131923
-0.00131827
-0.00131693
-0.00131520
-0.00131309
-0.00131059
-0.00130771
-0.00130445
-0.00130080
-0.00129677
-0.00129235
-0.00128755
-0.00128237
-0.00127680
-0.00127085
-0.00126451
-0.00125779
-0.00125069
-0.00124320
-0.00123533
-0.00122707
-0.00121843
-0.00120941
-0.00120955
-0.00121871
-0.00122748
-0.00123586
-0.00124385
-0.00125145
-0.00125866
-0.00126548
-0.00127191
-0.00127795
-0.00128360
-0.00128887
-0.00129374
-0.00129822
-0.00130231
-0.00130601
-0.00130933
-0.00131225
-0.00131478
-0.00131693
-0.00131868
-0.00132005
-0.00132102
-0.00132161
-0.00132180
-0.00132161
-0.00132102
-0.00132005
-0.00131868
-0.00131693
-0.00131478
-0.00131225
-0.00130933
-0.00130601
-0.00130231
-0.00129822
-0.00129374
-0.00128887
-0.00128360
-0.00127795
-0.00127191
-0.00126548
-0.00125866
-0.00125145
-0.00124385
-0.00123586
-0.00122748
-0.00121871
-0.00120955
-0.00120966
-0.00121892
-0.00122779
-0.00123627
-0.00124435
-0.00125204
-0.00125933
-0.00126623
-0.00127274
-0.00127885
-0.00128456
-0.00128989
-0.00129481
-0.00129935
-0.00130349
-0.00130723
-0.00131058
-0.00131354
-0.00131610
-0.00131827
-0.00132005
-0.00132143
-0.00132241
-0.00132300
-0.00132320
-0.00132300
-0.00132241
-0.00132143
-0.00132005
-0.00131827
-0.00131610
-0.00131354
-0.00131058
-0.00130723
-0.00130349
-0.00129935
-0.00129481
-0.00128989
-0.00128456
-0.00127885
-0.00127274
-0.00126623
-0.00125933
-0.00125204
-0.00124435
-0.00123627
-0.00122779
-0.00121892
-0.00120966
-0.00120974
-0.00121908
-0.00122802
-0.00123656
-0.00124471
-0.00125246
-0.00125981
-0.00126677
-0.00127333
-0.00127949
-0.00128525
-0.00129062
-0.00129558
-0.00130015
-0.00130433
-0.00130810
-0.00131148
-0.00131446
-0.00131705
-0.00131923
-0.00132102
-0.00132241
-0.00132341
-0.00132400
-0.00132420
-0.00132400
-0.00132341
-0.00132241
-0.00132102
-0.00131923
-0.00131705
-0.00131446
-0.00131148
-0.00130810
-0.00130433
-0.00130015
-0.00129558
-0.00129062
-0.00128525
-0.00127949
-0.00127333
-0.00126677
-0.00125981
-0.00125246
-0.00124471
-0.00123656
-0.00122802
-0.00121908
-0.00120974
-0.00120978
-0.00121917
-0.00122815
-0.00123674
-0.00124493
-0.00125272
-0.00126010
-0.00126709
-0.00127368
-0.00127987
-0.00128566
-0.00129105
-0.00129605
-0.00130064
-0.00130483
-0.00130863
-0.00131202
-0.00131502
-0.00131761
-0.00131981
-0.00132161
-0.00132300
-0.00132400
-0.00132460
-0.00132480
-0.00132460
-0.00132400
-0.00132300
-0.00132161
-0.00131981
-0.00131761
-0.00131502
-0.00131202
-0.00130863
-0.00130483
-0.00130064
-0.00129605
-0.00129105
-0.00128566
-0.00127987
-0.00127368
-0.00126709
-0.00126010
-0.00125272
-0.00124493
-0.00123674
-0.00122815
-0.00121917
-0.00120978
-0.00120980
-0.00121920
-0.00122820
-0.00123680
-0.00124500
-0.00125280
-0.00126020
-0.00126720
-0.00127380
-0.00128000
-0.00128580
-0.00129120
-0.00129620
-0.00130080
-0.00130500
-0.00130880
-0.00131220
-0.00131520
-0.00131780
-0.00132000
-0.00132180
-0.00132320
-0.00132420
-0.00132480
-0.00132500
-0.00132480
-0.00132420
-0.00132320
-0.00132180
-0.00132000
-0.00131780
-0.00131520
-0.00131220
-0.00130880
-0.00130500
-0.00130080
-0.00129620
-0.00129120
-0.00128580
-0.00128000
-0.00127380
-0.00126720
-0.00126020
-0.00125280
-0.00124500
-0.00123680
-0.00122820
-0.00121920
-0.00120980
-0.00120978
-0.00121917
-0.00122815
-0.00123674
-0.00124493
-0.00125272
-0.00126010
-0.00126709
-0.00127368
-0.00127987
-0.00128566
-0.00129105
-0.00129605
-0.00130064
-0.00130483
-0.00130863
-0.00131202
-0.00131502
-0.00131761
-0.00131981
-0.00132161
-0.00132300
-0.00132400
-0.00132460
-0.00132480
-0.00132460
-0.00132400
-0.00132300
-0.00132161
-0.00131981
-0.00131761
-0.00131502
-0.00131202
-0.00130863
-0.00130483
-0.00130064
-0.00129605
-0.00129105
-0.00128566
-0.00127987
-0.00127368
-0.00126709
-0.00126010
-0.00125272
-0.00124493
-0.00123674
-0.00122815
-0.00121917
-0.00120978
-0.00120974
-0.00121908
-0.00122802
-0.00123656
-0.00124471
-0.00125246
-0.00125981
-0.00126677
-0.00127333
-0.00127949
-0.00128525
-0.00129062
-0.00129558
-0.00130015
-0.00130433
-0.00130810
-0.00131148
-0.00131446
-0.00131705
-0.00131923
-0.00132102
-0.00132241
-0.00132341
-0.00132400
-0.00132420
-0.00132400
-0.00132341
-0.00132241
-0.00132102
-0.00131923
-0.00131705
-0.00131446
-0.00131148
-0.00130810
-0.00130433
-0.00130015
-0.00129558
-0.00129062
-0.00128525
-0.00127949
-0.00127333
-0.00126677
-0.00125981
-0.00125246
-0.00124471
-0.00123656
-0.00122802
-0.00121908
-0.00120974
-0.00120966
-0.00121892
-0.00122779
-0.00123627
-0.00124435
-0.00125204
-0.00125933
-0.00126623
-0.00127274
-0.00127885
-0.00128456
-0.00128989
-0.00129481
-0.00129935
-0.00130349
-0.00130723
-0.00131058
-0.00131354
-0.00131610
-0.00131827
-0.00132005
-0.00132143
-0.00132241
-0.00132300
-0.00132320
-0.00132300
-0.00132241
-0.00132143
-0.00132005
-0.00131827
-0.00131610
-0.00131354
-0.00131058
-0.00130723
-0.00130349
-0.00129935
-0.00129481
-0.00128989
-0.00128456
-0.00127885
-0.00127274
-0.00126623
-0.00125933
-0.00125204
-0.00124435
-0.00123627
-0.00122779
-0.00121892
-0.00120966
-0.00120955
-0.00121871
-0.00122748
-0.00123586
-0.00124385
-0.00125145
-0.00125866
-0.00126548
-0.00127191
-0.00127795
-0.00128360
-0.00128887
-0.00129374
-0.00129822
-0.00130231
-0.00130601
-0.00130933
-0.00131225
-0.00131478
-0.00131693
-0.00131868
-0.00132005
-0.00132102
-0.00132161
-0.00132180
-0.00132161
-0.00132102
-0.00132005
-0.00131868
-0.00131693
-0.00131478
-0.00131225
-0.00130933
-0.00130601
-0.00130231
-0.00129822
-0.00129374
-0.00128887
-0.00128360
-0.00127795
-0.00127191
-0.00126548
-0.00125866
-0.00125145
-0.00124385
-0.00123586
-0.00122748
-0.00121871
-0.00120955
-0.00120941
-0.00121843
-0.00122707
-0.00123533
-0.00124320
-0.00125069
-0.00125779
-0.00126451
-0.00127085
-0.00127680
-0.00128237
-0.00128755
-0.00129235
-0.00129677
-0.00130080
-0.00130445
-0.00130771
-0.00131059
-0.00131309
-0.00131520
-0.00131693
-0.00131827
-0.00131923
-0.00131981
-0.00132000
-0.00131981
-0.00131923
-0.00131827
-0.00131693
-0.00131520
-0.00131309
-0.00131059
-0.00130771
-0.00130445
-0.00130080
-0.00129677
-0.00129235
-0.00128755
-0.00128237
-0.00127680
-0.00127085
-0.00126451
-0.00125779
-0.00125069
-0.00124320
-0.00123533
-0.00122707
-0.00121843
-0.00120941
-0.00120924
-0.00121809
-0.00122658
-0.00123468
-0.00124241
-0.00124976
-0.00125673
-0.00126333
-0.00126955
-0.00127539
-0.00128086
-0.00128595
-0.00129066
-0.00129499
-0.00129895
-0.00130253
-0.00130574
-0.00130856
-0.00131101
-0.00131309
-0.00131478
-0.00131610
-0.00131705
-0.00131761
-0.00131780
-0.00131761
-0.00131705
-0.00131610
-0.00131478
-0.00131309
-0.00131101
-0.00130856
-0.00130574
-0.00130253
-0.00129895
-0.00129499
-0.00129066
-0.00128595
-0.00128086
-0.00127539
-0.00126955
-0.00126333
-0.00125673
-0.00124976
-0.00124241
-0.00123468
-0.00122658
-0.00121809
-0.00120924
-0.00120903
-0.00121769
-0.00122599
-0.00123391
-0.00124147
-0.00124866
-0.00125548
-0.00126193
-0.00126801
-0.00127373
-0.00127907
-0.00128405
-0.00128866
-0.00129290
-0.00129677
-0.00130027
-0.00130340
-0.00130617
-0.00130856
-0.00131059
-0.00131225
-0.00131354
-0.00131446
-0.00131502
-0.00131520
-0.00131502
-0.00131446
-0.00131354
-0.00131225
-0.00131059
-0.00130856
-0.00130617
-0.00130340
-0.00130027
-0.00129677
-0.00129290
-0.00128866
-0.00128405
-0.00127907
-0.00127373
-0.00126801
-0.00126193
-0.00125548
-0.00124866
-0.00124147
-0.00123391
-0.00122599
-0.00121769
-0.00120903
-0.00120880
-0.00121723
-0.00122531
-0.00123303
-0.00124039
-0.00124739
-0.00125404
-0.00126032
-0.00126624
-0.00127181
-0.00127701
-0.00128186
-0.00128635
-0.00129048
-0.00129425
-0.00129766
-0.00130071
-0.00130340
-0.00130574
-0.00130771
-0.00130933
-0.00131058
-0.00131148
-0.00131202
-0.00131220
-0.00131202
-0.00131148
-0.00131058
-0.00130933
-0.00130771
-0.00130574
-0.00130340
-0.00130071
-0.00129766
-0.00129425
-0.00129048
-0.00128635
-0.00128186
-0.00127701
-0.00127181
-0.00126624
-0.00126032
-0.00125404
-0.00124739
-0.00124039
-0.00123303
-0.00122531
-0.00121723
-0.00120880
-0.00120853
-0.00121671
-0.00122455
-0.00123203
-0.00123917
-0.00124596
-0.00125240
-0.00125849
-0.00126424
-0.00126963
-0.00127468
-0.00127938
-0.00128373
-0.00128774
-0.00129139
-0.00129470
-0.00129766
-0.00130027
-0.00130253
-0.00130445
-0.00130601
-0.00130723
-0.00130810
-0.00130863
-0.00130880
-0.00130863
-0.00130810
-0.00130723
-0.00130601
-0.00130445
-0.00130253
-0.00130027
-0.00129766
-0.00129470
-0.00129139
-0.00128774
-0.00128373
-0.00127938
-0.00127468
-0.00126963
-0.00126424
-0.00125849
-0.00125240
-0.00124596
-0.00123917
-0.00123203
-0.00122455
-0.00121671
-0.00120853
-0.00120823
-0.00121613
-0.00122369
-0.00123091
-0.00123780
-0.00124435
-0.00125057
-0.00125645
-0.00126199
-0.00126720
-0.00127207
-0.00127661
-0.00128081
-0.00128467
-0.00128820
-0.00129139
-0.00129425
-0.00129677
-0.00129895
-0.00130080
-0.00130231
-0.00130349
-0.00130433
-0.00130483
-0.00130500
-0.00130483
-0.00130433
-0.00130349
-0.00130231
-0.00130080
-0.00129895
-0.00129677
-0.00129425
-0.00129139
-0.00128820
-0.00128467
-0.00128081
-0.00127661
-0.00127207
-0.00126720
-0.00126199
-0.00125645
-0.00125057
-0.00124435
-0.00123780
-0.00123091
-0.00122369
-0.00121613
-0.00120823
-0.00120790
-0.00121548
-0.00122274
-0.00122968
-0.00123629
-0.00124258
-0.00124855
-0.00125419
-0.00125951
-0.00126451
-0.00126919
-0.00127354
-0.00127758
-0.00128129
-0.00128467
-0.00128774
-0.00129048
-0.00129290
-0.00129499
-0.00129677
-0.00129822
-0.00129935
-0.00130015
-0.00130064
-0.00130080
-0.00130064
-0.00130015
-0.00129935
-0.00129822
-0.00129677
-0.00129499
-0.00129290
-0.00129048
-0.00128774
-0.00128467
-0.00128129
-0.00127758
-0.00127354
-0.00126919
-0.00126451
-0.00125951
-0.00125419
-0.00124855
-0.00124258
-0.00123629
-0.00122968
-0.00122274
-0.00121548
-0.00120790
-0.00120754
-0.00121478
-0.00122170
-0.00122832
-0.00123463
-0.00124063
-0.00124633
-0.00125172
-0.00125680
-0.00126157
-0.00126603
-0.00127019
-0.00127404
-0.00127758
-0.00128081
-0.00128373
-0.00128635
-0.00128866
-0.00129066
-0.00129235
-0.00129374
-0.00129481
-0.00129558
-0.00129605
-0.00129620
-0.00129605
-0.00129558
-0.00129481
-0.00129374
-0.00129235
-0.00129066
-0.00128866
-0.00128635
-0.00128373
-0.00128081
-0.00127758
-0.00127404
-0.00127019
-0.00126603
-0.00126157
-0.00125680
-0.00125172
-0.00124633
-0.00124063
-0.00123463
-0.00122832
-0.00122170
-0.00121478
-0.00120754
-0.00120715
-0.00121401
-0.00122057
-0.00122685
-0.00123283
-0.00123852
-0.00124392
-0.00124903
-0.00125384
-0.00125837
-0.00126260
-0.00126654
-0.00127019
-0.00127354
-0.00127661
-0.00127938
-0.00128186
-0.00128405
-0.00128595
-0.00128755
-0.00128887
-0.00128989
-0.00129062
-0.00129105
-0.00129120
-0.00129105
-0.00129062
-0.00128989
-0.00128887
-0.00128755
-0.00128595
-0.00128405
-0.00128186
-0.00127938
-0.00127661
-0.00127354
-0.00127019
-0.00126654
-0.00126260
-0.00125837
-0.00125384
-0.00124903
-0.00124392
-0.00123852
-0.00123283
-0.00122685
-0.00122057
-0.00121401
-0.00120715
-0.00120673
-0.00121318
-0.00121936
-0.00122526
-0.00123089
-0.00123624
-0.00124132
-0.00124613
-0.00125066
-0.00125491
-0.00125889
-0.00126260
-0.00126603
-0.00126919
-0.00127207
-0.00127468
-0.00127701
-0.00127907
-0.00128086
-0.00128237
-0.00128360
-0.00128456
-0.00128525
-0.00128566
-0.00128580
-0.00128566
-0.00128525
-0.00128456
-0.00128360
-0.00128237
-0.00128086
-0.00127907
-0.00127701
-0.00127468
-0.00127207
-0.00126919
-0.00126603
-0.00126260
-0.00125889
-0.00125491
-0.00125066
-0.00124613
-0.00124132
-0.00123624
-0.00123089
-0.00122526
-0.00121936
-0.00121318
-0.00120673
-0.00120627
-0.00121229
-0.00121805
-0.00122355
-0.00122880
-0.00123379
-0.00123853
-0.00124301
-0.00124723
-0.00125120
-0.00125491
-0.00125837
-0.00126157
-0.00126451
-0.00126720
-0.00126963
-0.00127181
-0.00127373
-0.00127539
-0.00127680
-0.00127795
-0.00127885
-0.00127949
-0.00127987
-0.00128000
-0.00127987
-0.00127949
-0.00127885
-0.00127795
-0.00127680
-0.00127539
-0.00127373
-0.00127181
-0.00126963
-0.00126720
-0.00126451
-0.00126157
-0.00125837
-0.00125491
-0.00125120
-0.00124723
-0.00124301
-0.00123853
-0.00123379
-0.00122880
-0.00122355
-0.00121805
-0.00121229
-0.00120627
-0.00120579
-0.00121134
-0.00121665
-0.00122173
-0.00122657
-0.00123117
-0.00123554
-0.00123967
-0.00124357
-0.00124723
-0.00125066
-0.00125384
-0.00125680
-0.00125951
-0.00126199
-0.00126424
-0.00126624
-0.00126801
-0.00126955
-0.00127085
-0.00127191
-0.00127274
-0.00127333
-0.00127368
-0.00127380
-0.00127368
-0.00127333
-0.00127274
-0.00127191
-0.00127085
-0.00126955
-0.00126801
-0.00126624
-0.00126424
-0.00126199
-0.00125951
-0.00125680
-0.00125384
-0.00125066
-0.00124723
-0.00124357
-0.00123967
-0.00123554
-0.00123117
-0.00122657
-0.00122173
-0.00121665
-0.00121134
-0.00120579
-0.00120527
-0.00121032
-0.00121516
-0.00121978
-0.00122419
-0.00122839
-0.00123236
-0.00123613
-0.00123967
-0.00124301
-0.00124613
-0.00124903
-0.00125172
-0.00125419
-0.00125645
-0.00125849
-0.00126032
-0.00126193
-0.00126333
-0.00126451
-0.00126548
-0.00126623
-0.00126677
-0.00126709
-0.00126720
-0.00126709
-0.00126677
-0.00126623
-0.00126548
-0.00126451
-0.00126333
-0.00126193
-0.00126032
-0.00125849
-0.00125645
-0.00125419
-0.00125172
-0.00124903
-0.00124613
-0.00124301
-0.00123967
-0.00123613
-0.00123236
-0.00122839
-0.00122419
-0.00121978
-0.00121516
-0.00121032
-0.00120527
-0.00120472
-0.00120925
-0.00121358
-0.00121772
-0.00122167
-0.00122543
-0.00122899
-0.00123236
-0.00123554
-0.00123853
-0.00124132
-0.00124392
-0.00124633
-0.00124855
-0.00125057
-0.00125240
-0.00125404
-0.00125548
-0.00125673
-0.00125779
-0.00125866
-0.00125933
-0.00125981
-0.00126010
-0.00126020
-0.00126010
-0.00125981
-0.00125933
-0.00125866
-0.00125779
-0.00125673
-0.00125548
-0.00125404
-0.00125240
-0.00125057
-0.00124855
-0.00124633
-0.00124392
-0.00124132
-0.00123853
-0.00123554
-0.00123236
-0.00122899
-0.00122543
-0.00122167
-0.00121772
-0.00121358
-0.00120925
-0.00120472
-0.00120414
-0.00120811
-0.00121191
-0.00121554
-0.00121901
-0.00122230
-0.00122543
-0.00122839
-0.00123117
-0.00123379
-0.00123624
-0.00123852
-0.00124063
-0.00124258
-0.00124435
-0.00124596
-0.00124739
-0.00124866
-0.00124976
-0.00125069
-0.00125145
-0.00125204
-0.00125246
-0.00125272
-0.00125280
-0.00125272
-0.00125246
-0.00125204
-0.00125145
-0.00125069
-0.00124976
-0.00124866
-0.00124739
-0.00124596
-0.00124435
-0.00124258
-0.00124063
-0.00123852
-0.00123624
-0.00123379
-0.00123117
-0.00122839
-0.00122543
-0.00122230
-0.00121901
-0.00121554
-0.00121191
-0.00120811
-0.00120414
-0.00120353
-0.00120691
-0.00121015
-0.00121325
-0.00121620
-0.00121901
-0.00122167
-0.00122419
-0.00122657
-0.00122880
-0.00123089
-0.00123283
-0.00123463
-0.00123629
-0.00123780
-0.00123917
-0.00124039
-0.00124147
-0.00124241
-0.00124320
-0.00124385
-0.00124435
-0.00124471
-0.00124493
-0.00124500
-0.00124493
-0.00124471
-0.00124435
-0.00124385
-0.00124320
-0.00124241
-0.00124147
-0.00124039
-0.00123917
-0.00123780
-0.00123629
-0.00123463
-0.00123283
-0.00123089
-0.00122880
-0.00122657
-0.00122419
-0.00122167
-0.00121901
-0.00121620
-0.00121325
-0.00121015
-0.00120691
-0.00120353
-0.00120289
-0.00120565
-0.00120830
-0.00121083
-0.00121325
-0.00121554
-0.00121772
-0.00121978
-0.00122173
-0.00122355
-0.00122526
-0.00122685
-0.00122832
-0.00122968
-0.00123091
-0.00123203
-0.00123303
-0.00123391
-0.00123468
-0.00123533
-0.00123586
-0.00123627
-0.00123656
-0.00123674
-0.00123680
-0.00123674
-0.00123656
-0.00123627
-0.00123586
-0.00123533
-0.00123468
-0.00123391
-0.00123303
-0.00123203
-0.00123091
-0.00122968
-0.00122832
-0.00122685
-0.00122526
-0.00122355
-0.00122173
-0.00121978
-0.00121772
-0.00121554
-0.00121325
-0.00121083
-0.00120830
-0.00120565
-0.00120289
-0.00120221
-0.00120433
-0.00120636
-0.00120830
-0.00121015
-0.00121191
-0.00121358
-0.00121516
-0.00121665
-0.00121805
-0.00121936
-0.00122057
-0.00122170
-0.00122274
-0.00122369
-0.00122455
-0.00122531
-0.00122599
-0.00122658
-0.00122707
-0.00122748
-0.00122779
-0.00122802
-0.00122815
-0.00122820
-0.00122815
-0.00122802
-0.00122779
-0.00122748
-0.00122707
-0.00122658
-0.00122599
-0.00122531
-0.00122455
-0.00122369
-0.00122274
-0.00122170
-0.00122057
-0.00121936
-0.00121805
-0.00121665
-0.00121516
-0.00121358
-0.00121191
-0.00121015
-0.00120830
-0.00120636
-0.00120433
-0.00120221
-0.00120151
-0.00120295
-0.00120433
-0.00120565
-0.00120691
-0.00120811
-0.00120925
-0.00121032
-0.00121134
-0.00121229
-0.00121318
-0.00121401
-0.00121478
-0.00121548
-0.00121613
-0.00121671
-0.00121723
-0.00121769
-0.00121809
-0.00121843
-0.00121871
-0.00121892
-0.00121908
-0.00121917
-0.00121920
-0.00121917
-0.00121908
-0.00121892
-0.00121871
-0.00121843
-0.00121809
-0.00121769
-0.00121723
-0.00121671
-0.00121613
-0.00121548
-0.00121478
-0.00121401
-0.00121318
-0.00121229
-0.00121134
-0.00121032
-0.00120925
-0.00120811
-0.00120691
-0.00120565
-0.00120433
-0.00120295
-0.00120151
-0.00120077
-0.00120151
-0.00120221
-0.00120289
-0.00120353
-0.00120414
-0.00120472
-0.00120527
-0.00120579
-0.00120627
-0.00120673
-0.00120715
-0.00120754
-0.00120790
-0.00120823
-0.00120853
-0.00120880
-0.00120903
-0.00120924
-0.00120941
-0.00120955
-0.00120966
-0.00120974
-0.00120978
-0.00120980
-0.00120978
-0.00120974
-0.00120966
-0.00120955
-0.00120941
-0.00120924
-0.00120903
-0.00120880
-0.00120853
-0.00120823
-0.00120790
-0.00120754
-0.00120715
-0.00120673
-0.00120627
-0.00120579
-0.00120527
-0.00120472
-0.00120414
-0.00120353
-0.00120289
-0.00120221
-0.00120151
-0.00120077
0.00000000
0.00000000
0.00000000
0.00000000
0.00000000
0.00000000
0.00000000
0.00000000
0.00000000
0.00000000
0.00000000
0.00000000
0.00000000
0.00000000
0.00000000
0.00000000
0.00000000
0.00000000
0.00000000
0.00000000
0.00000000
0.00000000
0.00000000
0.00000000
0.00000000
0.00000000
0.00000000
0.00000000
0.00000000
0.00000000
0.00000000
0.00000000
0.00000000
0.00000000
0.00000000
0.00000000
0.00000000
0.00000000
0.00000000
0.00000000
0.00000000
0.00000000
0.00000000
0.00000000
0.00000000
0.00000000
0.00000000
0.00000000
0.00000000
0.00000000
0.00000000
0.00000000
0.00000000
0.00000000
0.00000000
0.00000000
0.00000000
0.00000000
0.00000000
0.00000000
0.00000000
0.00000000
0.00000000
0.00000000
0.00000000
0.00000000
0.00000000
0.00000000
0.00000000
0.00000000
0.00000000
0.00000000
0.00000000
0.00000000
0.00000000
0.00000000
0.00000000
0.00000000
0.00000000
0.00000000
0.00000000
0.00000000
0.00000000
0.00000000
0.00000000
0.00000000
0.00000000
0.00000000
0.00000000
0.00000000
0.00000000
0.00000000
0.00000000
0.00000000
0.00000000
0.00000000
0.00000000
0.00000000
0.00000000
0.00000000
0.00000000
0.00000000
0.00000000
0.00000000
0.00000000
0.00000000
0.00000000
0.00000000
0.00000000
0.00000000
0.00000000
0.00000000
0.00000000
0.00000000
0.00000000
0.00000000
0.00000000
0.00000000
0.00000000
0.00000000
0.00000000
0.00000000
0.00000000
0.00000000
0.00000000
0.00000000
0.00000000
0.00000000
0.00000000
0.00000000
0.00000000
0.00000000
0.00000000
0.00000000
0.00000000
0.00000000
0.00000000
0.00000000
0.00000000
0.00000000
0.00000000
0.00000000
0.00000000
0.00000000
0.00000000
0.00000000
0.00000000
0.00000000
0.00000000
0.00000000
0.00000000
0.00000000
0.00000000
0.00000000
0.00000000
0.00000000
0.00000000
0.00000000
0.00000000
0.00000000
0.00000000
0.00000000
0.00000000
0.00000000
0.00000000
0.00000000
0.00000000
0.00000000
0.00000000
0.00000000
0.00000000
0.00000000
0.00000000
0.00000000
0.00000000
0.00000000
0.00000000
0.00000000
0.00000000
0.00000000
0.00000000
0.00000000
0.00000000
0.00000000
0.00000000
0.00000000
0.00000000
0.00000000
0.00000000
0.00000000
0.00000000
0.00000000
0.00000000
0.00000000
0.00000000
0.00000000
